1000
0 81 217 294 551 665 701 900 926 997
1 111 119 122 257 286 451 673 863 867 879
2 743 819 867 941 955 987
3 17 62 172 191 475 519 547 573 593 874
4 41 245 340 445 533 575 638 824 838 944
5 140 256 506 581 616 645 646
6 146 187 211 445 461 504 571 591 611 750
7 111 142 227 483 595 871 873 895 991
8 13 103 110 172 410 501 591 638 673 776
9 35 77 186 202 287 306 370 464 577 635
10 196 362 442 654 759 861 890 897 945 987
11 57 229 444 466 476 485 663 690 738 753
12 247 512 724 756 809 828
13 136 354 358 360 451 502 552 601 756 763
14 184 287 302 624 651 679 682 695 750 773
15 34 80 113 151 344 401 420 599 605 777
16 19 75 109 128 396 469 595 635 727 896
17 61 70 76 170 413 601 608 758 825 846
18 61 68 353 551 571 594 632 653 660 663
19 31 36 39 88 196 307 341 428 858 978
20 66 143 209 297 357 390 698 765 818 843
21 268 340 378 383 430 446 457 495 497 508
22 45 95 172 229 442 464 578 765 871 975
23 136 140 172 319 659 668 759 791 820 897
24 187 203 222 282 494 565 574 613 768 853
25 113 169 299 311 417 479 664 714 828 854
26 382 458 604 703 715 796
27 187 190 197 236 339 717 851
28 72 166 387 620 639 685 744 752 756
29 53 67 80 122 145 150 153 320 437 460
30 205 268 520 625 632 726 765 871
31 39 99 276 485 688 848 855
32 193 365 393 396 703 735 765 979
33 84 91 214 400 439 510 690 732
34 71 78 138 180 356 409 695 893 903
35 95 273 336 436 517 808 855 921 964
36 273 480 524 681 721 898 983
37 228 229 414 442 445 643 661 723 867 918
38 75 742 791 930 991 997
39 294 295 406 580 639 759 893 899 946 988
40 42 195 368 401 661 786 882
41 65 423 559 664 684 819 882 914 986 994
42 43 88 246 303 307 378 391 481 548 553
43 193 282 445 504 511 852 883 995
44 120 577 680 720 759 767 995
45 87 175 243 479 523 572 650 751 799 907
46 64 302 503 546 655 918 962
47 63 139 239 256 331 344 384 404 461 556
48 253 383 428 446 546 633 649 750 803 809
49 104 149 208 262 400 527 598 641 926
50 112 134 319 643 681 698 744 793 932
51 217 249 258 262 498 523 601 693 775 886
52 109 169 173 255 378 417 479 480 526 640
53 80 84 335 346 456 469 527 630 960
54 108 214 409 466 502 669 671 766 799 892
55 271 570 795 857 966
56 195 210 264 313 317 492 546 643 670 679
57 154 434 489 504 614 696 732 907 910 974
58 311 615 731 880 885
59 90 205 301 398 513 675 843 849
60 199 242 347 407 428 437 604 611 654 692
61 708 820 838
62 80 266 394 478 530 577 681 738 755 822
63 109 163 193 368 372 374 770 791 854
64 97 103 241 259 332 403 423 430 539 558
65 368 431 444 511 535 622 626 944
66 82 160 195 289 377 382 383 423 468 487
67 140 141 202 263 281 322 428 465 496 605
68 74 92 102 124 479 502 530 559 628 639
69 156 162 285 408 441 790 952 962
70 105 118 151 192 366 493 577 597 605
71 106 287 493 499 641 771 795 897
72 86 97 203 269 442 669 969
73 93 140 177 233 241 501 754
74 206 342 526 587 636 689 699 894 903 913
75 116 128 189 278 333 383 583 602 609 678
76 106 286 332 379 644 689 749 876 924 973
77 162 340 341 368 474 765 845 873
78 346 385 433 876
79 118 303 370 425 429 481 600 617 681 693
80 150 170 228 231 237 250 278 319 324 576
81 84 175 212 218 230 346 504 509 666 803
82 135 182 201 203 230 272 281 292 307 329
83 209 328 413 615 653 736 831
84 97 196 312 383 384 387 460 476 479 492
85 256 280 285 291 381 384 396 476 630 845
86 121 145 184 235 282 427 444 478 549 607
87 170 218 301 308 345 465 543 564 645 781
88 221 266 379 421 530 563 581 608 631 684
89 182 236 391 520 534 558 866
90 190 203 366 401 408 446 488 522 651 727
91 136 198 303 328 484 504 591 606 612 756
92 199 242 259 361 440 509 627 691 744
93 206 238 290 309 565
94 252 265 300 483 621 649 679 790 857 873
95 106 240 284 293 408 660 757 795 890
96 106 183 314 788 912
97 253 301 401 510 516 538 563 606 854 922
98 202 376 410 571 572 827 888 992
99 199 231 247 260 458 464 540 595 667 750
100 436 524 623 718 757 762 779 805 840 973
101 450 504 539 598 675 739 814 857 874
102 312 374 399 405 524 547 906 946
103 330 388 556 638 744 765 820 864
104 320 358 439 465 518 625 831 869 920 948
105 108 198 239 284 313 524
106 113 207 239 330 652 773 802 813
107 154 233 300 310 801 870
108 164 345 356 413 451 530 576 637 863 888
109 172 288 427 447 658 692 702 794 818 994
110 197 208 222 231 333 386 431 546 565 658
111 196 232 522 674 732 853
112 115 257 294 381 707 759 776 786 894 988
113 225 335 388 431 514 666 742
114 135 164 390 459 468 718 784 912 961
115 304 468 529 807 855 890
116 179 210 265 350 366 371 397 449 458 494
117 132 178 325 619 633 687 722 786 927 998
118 308 541 564 579 664 684
119 128 185 277 287 406 451 527 537 578 657
120 285 300 402 541 641 710 717 835 879
121 241 249 282 436 464 467 516 532 565 652
122 138 244 254 555 567 580 664 822 847 898
123 146 211 582 758 771 949 994
124 215 280 425 490 533 568 772
125 132 182 221 245 593 607 630 684 686 900
126 220 236 240 282 295 563 639 727 754 902
127 183 208 240 257 310 352 357 457 591 764
128 361 475 540 551 618 635 696 725 838 928
129 378 494 884 903 938 955
130 213 521 704 726 763 866 952
131 141 177 371 382 417 687 698 707 948
132 171 272 286 347 513 667 718 980 983
133 135 384 592 830
134 143 163 265 395 428 458 477 517 538 731
135 250 360 387 758 807 887 910 915 918
136 171 191 249 267 397 433 729 932 960
137 337 461 492 497 559 571 579 653 729 837
138 382 429 486 613 676 682 740 750 754 818
139 178 199 228 351 383 490 508 540 655 808
140 230 256 266 352 456 505 537 601 613 825
141 345 353 472 513 591 642 655 721 749 752
142 147 307 323 486 633 730 914
143 264 586 638 720 723 789 800 934 999
144 244 427 800 876 968
145 365 597 680 745
146 240 244 348 353 384 567 571 640 645 712
147 223 390 474 476 620 759 888
148 198 211 528 585 620 705 773 839 873 900
149 226 306 319 331 561 603 658 682 751 827
150 157 262 280 336 702 846 949
151 303 488 512 538 750 754 898 899 928
152 160 209 303 350 393 418 471 510 663 743
153 304 371 474 606 684 793 861 870 877 884
154 164 277 327 380 513 596 597 623 754 904
155 211 309 353 399 404 444 482 560 671 881
156 175 407 503 552 780 910 915 990
157 169 217 273 282 352 408 519 576 636 830
158 163 487 488 631 636 641 682 780 877
159 174 184 416 441 498 564 600 653 667 691
160 265 268 308 410 421 586 634 748 805 840
161 219 223 397 657 802 824 830
162 212 347 447 466 614 632 698 719 847 849
163 167 390 471 508 559 623 705 772 778 812
164 264 280 480 623 641 861
165 353 410 519 520 542 600
166 310 398 414 450 553 716 718 874 939
167 192 231 271 363 367 387 498 517 595 623
168 171 257 261 371 385 397 525 536 559 631
169 302 355 554 659 804 976
170 183 297 343 515 689 854 948 969
171 189 360 477 524 557 879 993
172 186 283 413 611 695 706 723 998
173 181 420 467 521 554 613 698 722 887 925
174 208 287 550 591 637 695 830 866 924
175 237 683 917
176 178 183 203 303 430 435 438 493 496 761
177 414 627 685 786 823 989
178 195 302 434 447 743 783
179 262 275 379 467 717 842 964 974 988
180 231 238 304 414 513 639 872
181 275 285 320 506 588 632 683 757 827 878
182 225 345 386 413 437 466 528 720 738 769
183 193 244 282 324 384 625 649 690 795 912
184 190 213 236 330 334 374 430 583 604 694
185 328 368 385 418 579 590 625 639 652 753
186 332 456 586 595 615 710 767 973 983
187 212 219 390 439 460 537 615 618
188 308 674 695 752 785 803 810 827
189 322 339 419 465 645 856 867 935 942
190 220 236 373 379 509 566 611 616 695 701
191 311 497 505 528 954
192 458 480 508 511 561 581 593 699 746 844
193 420 510 605 616 708 742 841 951
194 213 433 531 577 632 634 721 758 792 900
195 379 435 445 532 535 562 633 740 752 897
196 265 313 318 392 398 411 639 798
197 320 369 389 441 464 465 657 697 811 820
198 205 215 281 294 388 432 513 568 579 595
199 345 428 470 580 627 702 752 811 885 990
200 206 261 307 388 473 555 591 655
201 204 279 351 420 504 513 782 802 873 972
202 270 614 625 628 819 877 902 929
203 299 380 389 477 602 603 630 633 677 767
204 210 463 500 580 592 677 893 936
205 220 230 300 319 397 622 766 787 790 821
206 216 345 541 570 609 696 724 795 829 869
207 239 246 312 374 487 595 652 735 862 967
208 271 292 412 602 841 908 921
209 222 279 387 419 433 553 614 671 743 959
210 219 296 329 341 361 367 369 372 392 421
211 364 373 398 440 441 461 488 552 672 682
212 302 369 438 451 494 557 675 679 952
213 241 281 399 496 624 668 810 890 902 962
214 218 224 447 466 564 759 806 851 879
215 263 302 314 508 648 667 685 778 832 857
216 317 353 376 423 428 563 589 601 779 796
217 222 299 310 411 423 679 735 740 809 915
218 223 337 361 412 450 484 525 552 568 628
219 304 305 355 442 463 509 524 669 761 820
220 253 273 276 434 486 556 621 676 692 994
221 341 348 388 675 737 764 796 872 889 981
222 282 447 659 670 680 773 816 865 876 890
223 268 358 424 445 494 513 665 684 727
224 269 381 394 493 596 617 641 677 758 877
225 487 493 583 785 819 900 923 934 967
226 236 323 339 341 357 413 420 445 578 590
227 425 619 628 663 790 797
228 432 522 653 675 721 736 760 771 844 948
229 256 305 504 554 562 777 788 812 881
230 284 329 336 418 421 484 547 615 619 678
231 418 547 584 616 744 761 802 813 828 836
232 422 694 740 834
233 291 329 336 354 647 666 730 808 810 837
234 244 271 336 436 444 517 545 676 773
235 362 763 827 882 929 961
236 277 327 537 565 577 615 707 738 742 825
237 245 370 529 538 540 766 798 876 975
238 264 277 309 312 543 593 602 705 743 760
239 311 410 414 545 595 687 771 935 944
240 274 283 562 714 891 988
241 271 293 309 463 613 829 960
242 309 370 487 501 581 591 677 697 893 926
243 267 482 500 581 646 696 705 791 864 886
244 264 309 356 408 449 522 578 608 617 621
245 366 381 425 583 884 936
246 295 333 340 409 416 521 534 574 869 898
247 304 371 569 752 804 996
248 297 350 366 428 575 633 855 887 895 975
249 259 292 339 389 523 552 553 720 736 748
250 307 391 504 736 744 771 886 922
251 284 311 524 603 617 631 723 865 925 960
252 316 353 382 412 453 470 573 608 609 713
253 412 595 626 680 757 770 777 861 908
254 322 379 429 448 451 542 804 844 898 941
255 312 331 347 619 667 669 700 717 771 890
256 257 343 357 547 560 581 585 633 678 690
257 405 413 479 493 568 585 620 872 885 963
258 350 385 576 676 744 870 897
259 463 538 544 547 697 800 917 921
260 309 570 829 831 842 853 904 992
261 279 419 444 553 746 805 835 837 984 992
262 368 519 541 559 776 809 942
263 296 376 524 593 773 802 868
264 266 268 329 384 395 435 582 655 657 782
265 323 363 592 683 791 899 900 920
266 286 393 405 408 426 490 510 526 588 761
267 335 504 511 536 635 645 718 726 756 768
268 294 323 360 403 467 503 664 910
269 270 402 429 704 845 940 966
270 340 357 387 417 444 468 685 690 717 726
271 418 489 568 638 659 669 728 753 797 905
272 410 464 772 808 814 825 826 904 964 999
273 335 367 466 483 523 606 703 877 956 991
274 582 599 612 677 683 746 826
275 300 435 457 512 579 582 631 694 780 875
276 302 357 440 468 471 619 800 919
277 527 604 642 707 983
278 369 426 456 486 771 880 882
279 302 341 497 500 550 564 577 583 722 823
280 315 397 419 632 685 740 899 953 962
281 298 314 361 378 467 472 473 500 639 733
282 570 576 641 659 751 810 818
283 316 339 389 397 489 491 616 629 649 704
284 310 363 390 434 467 517 629 636 690 951
285 556 600 622 806 876 963
286 400 405 441 649 681 740 741 976
287 345 368 403 473 607 628 797 827 831 904
288 306 530 653 656 664 682 856 867 921 940
289 431 516 529 559 614 633 635 649 692 716
290 317 347 392 625 652
291 333 336 407 438 581 605 637 656 686 687
292 355 417 461 532 586 588 607 620 639 646
293 354 392 395 575 704 946
294 319 408 416 588 633 739 783 862 930 943
295 417 617 658 812 830 924 925
296 381 486 494 498 566 649 691 700 841 856
297 349 356 377 409 433 496 511 516 588 641
298 335 465 492 618 737 742 968 973
299 302 613 856 908 970 999
300 324 424 501 515 566 674 691 704 716 731
301 314 342 413 435 488 638 702 710 717 806
302 324 354 357 366 387 439 465 741 774 886
303 340 407 474 500 559 604 654 737 811 841
304 601 686 753 772 808 894 969
305 310 388 446 458 651 667 714 737 766 776
306 329 392 398 546 699 855 945 982
307 401 426 433 664 669 772 774 821 969
308 313 389 395 479 530 536 607 641 690 741
309 363 465 554 640 705 707 716 806 836 847
310 366 395 496 632 636 688 755 830 941 945
311 355 484 570 582 621 682 841 904 914 942
312 324 341 414 452 494 574 679 698 750 834
313 334 339 452 635 645 675 795 816 962
314 496 580 608 828 841 857 875
315 364 372 664 804 813 945 995
316 378 433 474 523 651 685 722 946
317 410 472 553 576 592 593 727 729 867 938
318 347 428 435 472 528 563 576 636 655 700
319 345 717 778 826 843 845 908 940
320 483 608 692 753 803 823 835 849 862 983
321 366 437 494 558 589 641 680 862 950
322 339 596 608 741 929
323 487 530 737 784 926 975 980
324 385 501 517 569 785 871 911
325 524 529 570 720 807 948 990
326 328 382 395 438 475 568 717 719 815 863
327 366 389 405 430 634 690 796 846 861 920
328 330 334 347 416 435 556 572 887 970
329 336 447 500 603 606 630 673 678 757 784
330 331 342 344 383 418 447 502 730 757 786
331 522 553 722 761 771 858 880 934 961
332 538 625 650 876
333 357 406 433 480 554 569 632 641 705 777
334 430 441 455 487 547 577 725 823 841 850
335 375 381 395 426 465 509 549 652 679 738
336 358 382 470 472 536 625 961
337 346 420 432 540 570 704 831 892 940 970
338 412 455 602 634 656 758 910
339 384 417 419 443 580 619 729 738 938 984
340 358 368 391 756 872 890 895 936
341 413 417 457 555 654 693 740 756 826 860
342 431 516 562 660 709 888 927
343 348 380 524 607 612 670 710 737 786 790
344 545 800 855 972
345 546 555 679 681 766 814 862
346 354 453 466 525 602 755 782 824 836 850
347 353 354 559 606 800 921 963 983
348 396 399 411 520 527 535 609 640 655 667
349 383 520 521 617 660 714 715 862 890 893
350 540 587 643 656 703 773 846 897
351 361 371 379 406 433 457 459 542 592 695
352 393 404 521 527 545 546 572 615 668 687
353 429 615 684 817 833 867
354 391 434 771 913 958 974
355 358 361 364 454 769 770 801 852 881 951
356 632 642 751 823 839 856 857 875 909 923
357 412 515 532 592 643 725 824
358 415 444 451 511 596 678 679 724 834 906
359 516 611 648 700 808 811
360 366 368 521 577 597 679 716 979 981
361 385 417 442 483 518 532 593 595 613 728
362 391 470 592 640 796 921 947 948
363 364 402 430 433 437 632 704 712 753 772
364 396 447 542 704 709 971 975
365 527 568 579 609 644 646 684 707 756 854
366 392 480 491 492 530 724 741 751 784 806
367 390 433 465 480 514 518 533 588 596 633
368 441 486 651 657 836 886 953
369 432 445 467 489 548 566 694 727 775 818
370 424 430 448 484 521 534 669 724 768 788
371 420 516 648 783 844 891 945 951 987 997
372 377 431 460 473 538 569 655 752 813 887
373 470 557 671 700 753 768 834 843 952
374 529 559 564 681 734 758 827 847 896 924
375 503 643 687 757 856 874
376 552 600 704 712 716 720 785 799 825 932
377 598 627 641 777 855 961
378 381 404 443 484 599 687 783 801 855
379 405 480 555 557 692 694 703 724 734 840
380 459 626 736 746
381 494 563 645 688 716 719 848 934
382 425 577 612 629 646 653 688 690 867 880
383 407 417 418 441 541 649
384 477 516 526 532 552 606 667 762 769 877
385 458 467 468 533 583 611 614 638 721 727
386 403 498 549 761 837 895 957
387 416 427 454 558 697 740 794 840 859
388 419 499 519 535 544 585 594 726 753 804
389 404 441 442 517 655 812 862 883 909 943
390 529 543 559 578 666 684 764 818 863 933
391 473 505 579 749 757 766 772 781 789 790
392 427 578 645 646 719 797 802 943
393 411 444 448 476 537 624 803 868 870 902
394 433 497 611 621 668 682 805 872 903 944
395 581 706 776 847 950 973
396 556 613 626 651 740 844 942
397 441 465 476 481 517 528 564 757 820
398 470 474 516 588 752 801 888 889 918 922
399 516 533 603 678 691 735 849 939 958 986
400 432 535 630 685 694 768 861 908
401 435 632 688 736 738 822 918 971 995
402 522 545 583 595 799 909 929 973
403 407 542 600 716 731 782 796 948 988
404 477 540 545 728 730 851 898 945 978 991
405 445 482 502 544 568 639 820 833 840 845
406 484 509 561 625 628 701 710 743 853 887
407 556 680 739 775 787 808 863 930 987 989
408 559 679 693 748 947 959
409 429 704 736 745 910 936 949
410 421 451 588 732 773 811 869
411 468 685 740 749 842 872 900 926 958
412 435 454 533 545 627 660 711 817 861 902
413 419 491 778 935
414 448 570 622 737 832 842 855 860 878 967
415 432 433 457 606 613 704 739 944 945
416 425 598 617 622 816 850
417 536 545 583 693 719 722 739 811 813 941
418 426 528 687 748 752 924 995
419 487 524 613 626 659 729 770 940 956 967
420 521 525 527 556 687 689 705 707 722 958
421 482 492 694 827 835 862 898 918 983
422 483 604 629 823 851 881 964
423 461 477 626 640 710 749 803 836 841
424 425 543 600 615 620 691 699 759 809 840
425 426 496 802 830 833 915 926 963 991
426 442 494 500 519 536 568 703 731 765 782
427 708 751 795 809 834 885
428 459 509 528 599 613 639 647 665 750 847
429 433 465 523 543 611 660 846 848 864 953
430 569 656 673 726 756 783 798 934
431 517 555 590 712 739 740 744 774 866 954
432 443 464 595 598 633 716 748 838 841 866
433 477 530 598 620 624 650 717 765 857 906
434 475 520 532 671
435 472 488 510 539 564 625 634 660 708 709
436 444 574 608 619 687 788 833 929 968
437 451 521 604 666 712 903 967
438 453 587 767 788 885 957 978
439 464 508 520 722 789 940 950 968
440 495 533 568 650 783 823 911 936
441 445 532 543 702 792 797 963
442 453 479 518 638 669 708 718 740 753 781
443 498 508 561 603 672 726 757 889 899 907
444 449 465 593 598 616 725 741 785 813 816
445 492 544 666 734 753 792 996
446 455 534 601 624 661 663 685 845 855 904
447 477 534 620 683 701 750 814 936 960
448 543 738 764 845 914 938 964 978
449 455 470 516 538 613 619 624 735 756 791
450 470 557 563 571 634 658 705 715 737 786
451 452 796 800 806 919 972
452 461 567 569 660 739 756 778 855
453 484 487 523 547 661 906
454 496 541 605 620 663 749 790 843 852 876
455 518 613 635 732 851
456 458 459 475 539 651 779 882 991
457 477 547 820 824 860 887 926 970
458 529 553 599 677 751 879
459 578 615 620 723 877 927 968
460 462 500 559 568 689 719 785 945 953 954
461 490 563 623 677 679 842 952
462 495 519 572 632 660 663 674 712 907 927
463 484 485 513 520 527 539 616 682 778 799
464 666 720 755 901 903 910 971 992
465 472 663 666 825 827 836 910 918
466 480 613 666 715 719 789 811 843 948 976
467 533 570 661 693 727 781 800 801 836 856
468 498 529 623 655 673 835 862 873 886 922
469 501 539 655 721 755 796 821 841 861 882
470 488 658 715 725 800 809 850 919 996
471 481 556 653 666 699 771 773 782 917 932
472 495 499 500 501 540 748 777 784 832 858
473 567 581 584 829 859 914 958 997
474 510 556 603 655 689 792 867 883 904 994
475 637 713 781 833 890 910
476 529 602 604 634 660 668 713 728 907 953
477 490 528 558 610 646 755 921 998
478 555 634 721 734 758 781 930 949 968
479 632 650 696 739 808 843 862 965
480 503 618 630 660 758 831 873 949
481 542 555 585 942 946
482 486 526 627 722 888 912 961 993
483 487 516 606 625 689 731 753 813 830 924
484 623 726 747 812 834 882 905 944 945 973
485 488 509 510 526 602 620 663 782 839 920
486 504 600 632 659 704 851
487 492 508 556 570 616 672 673 710 833 855
488 518 537 666 681 732 755 845 892 944
489 499 517 520 607 635 705 905 923 952 953
490 531 603 614 615 663 670 723 780 806 866
491 505 520 544 572 605 661 684 693 749 807
492 584 589 660 720 750 762 789 855 858 963
493 499 572 575 609 667 700 707 724 728 729
494 496 678 744 747 818 856 866 914 924 932
495 662 692 755 759 801 974
496 519 529 630 704 775 860 877 935 981
497 554 572 608 619 647 678 690 706 709 751
498 519 630 639 670 700 710 755 809 817 826
499 586 611 612 634 635 649 707 766 857 945
500 510 515 534 597 600 612 616 674 702 705
501 582 637 709 721 756 771 796 813 848 916
502 543 663 704 820 864 910 917
503 543 563 583 606 616 746 789 796 799 805
504 517 525 601 848 986
505 735 817 846 901 915 916 918 955 963 993
506 681 711 716 725 761 867 907 990
507 560 566 811 833 911 926 979 987 991
508 559 720 758 767 796 858 860 876
509 517 555 565 593 694 703 734 752 840 850
510 514 551 601 609 668 703 831 864 876 917
511 520 542 558 608 625 697 751 890 929 972
512 543 551 556 693 718 776 803 817 830 899
513 538 593 662 675 806 940 950
514 541 720 721 784 810 839 849 869 875 877
515 581 603 683 795 941 944 994
516 550 584 692 728 768 818 855 881 912 930
517 528 570 575 576 625 641 669 755 764 808
518 519 551 570 587 597 673 680 737 755 781
519 527 545 592 624 679 727 756 828 855 926
520 550 586 691 753 821 897
521 555 562 572 732 733 752 771 868 876 954
522 575 618 747 776 795 812 827 861 863 889
523 564 682 832 842 847 940 942 963
524 627 644 678 823 919
525 535 587 606 619 678 790 859 918 920 937
526 550 640 761 810 893 895 906 923 926 971
527 540 564 602 609 787 804 805 859 880 881
528 547 646 681 685 745 746 771 787 803 881
529 680 685 742 749 785 796 803 886 888 926
530 588 593 635 742 788 805 919 921 959
531 576 603 837 857 869
532 579 605 643 667 691 715 821 879
533 592 607 610 701 713 883 891 921 969 975
534 637 657 691 720 811 824 905 922 985 994
535 594 807 845 847 849 956 987
536 615 627 649 711 725 746 830 867 894 930
537 541 575 636 663 737 787 818 826 952 994
538 582 611 648 727 770 920 924 945 996 997
539 595 658 674 676 684 700 736 753 816 852
540 550 641 802 841 857 919 920
541 620 673 689 691 778 805 837 927 937 971
542 546 626 645 677 743 896 931 957 975 992
543 617 660 675 756 812 819 870 902 958 992
544 576 579 598 636 661 708 766 843 853 895
545 673 787 804 843 891 912 934 969 986
546 636 640 642 649 705 755 773 792 799
547 570 617 637 660 711 727 751 766 792 798
548 681 690 717 731 732 821 910 938 958
549 583 645 685 743 763 769 847 865 866 871
550 656 670 675 694 705 712 729 744 754 763
551 572 574 645 779 837 846 879 921 947
552 693 805 830 847 911 986
553 625 659 676 693 748 815 868 872 882 905
554 566 599 606 641 654 655 663 693 832 907
555 633 833 961 977
556 604 707 740 770 794 822 852 860 874 889
557 635 638 648 661 677 691 759 915 924 928
558 564 580 588 589 610 613 707 795 852 905
559 563 634 681 776 859 933 958 993
560 596 606 626 639 749 954 960 996
561 575 579 626 676 707 709 783 824 840 843
562 570 630 655 667 683 801 899 901 918
563 575 666 679 820 849 875 946 951
564 628 682 728 736 744 745 792 803 840 867
565 589 652 665 667 714 799 801 831 848 865
566 611 647 800 811 851 910 927 955 974
567 582 586 595 699 700 731 765 807 826 850
568 600 630 662 674 690 718 721 758 788 809
569 615 690 782 784 785 807 850 866 944 952
570 595 663 795 819 847 858 861 887 903 914
571 576 629 696 701 730 740 750 802 827 851
572 591 614 756 829 868 921 996
573 594 604 631 633 723 727 751 755 764 765
574 658 659 661 759 814 847 927
575 581 630 664 671 712 729 768 856 890 930
576 586 631 664 742 762 794 809 851 967 968
577 639 641 659 695 707 727 732 779 846 882
578 580 600 645 679 714 753 781 850 860 882
579 611 677 686 767 779 816 860 868 883 897
580 652 682 811 823 835 840 985
581 673 766 791 871 911 949 955 967
582 669 678 850 865 866 877 926 928 936 955
583 599 605 763 796 810 831 832 851 909 981
584 702 826 835 884 942
585 593 631 638 657 669 792 806 986
586 602 617 629 706 878 952 969 985
587 623 653 667 668 706 712 729 806 954 956
588 686 688 857 944 959
589 612 613 705 833 841 917
590 612 628 629 690 741 846 854 885 915 991
591 661 685 701 779 845 884 934 942 944 948
592 629 635 737 747 801 808 833 868 881 891
593 608 621 624 720 733 764 765 775 786 787
594 714 728 754 843 873 925 991
595 669 711 722 731 907 911 923
596 603 637 664 675 681 757 764 801 816 869
597 600 751 763 786 799 845 879 883 956
598 630 686 766 838 841 992
599 600 626 674 712 734 742 779 800 958 962
600 618 637 639 777 792 842 869 905 969 976
601 602 608 612 640 789 857 867 880 884
602 606 639 641 660 732 742 775 787 791 851
603 612 615 700 701 739 783 820 969 990
604 608 632 639 713 753 761 772 873 875 879
605 613 649 662 687 752 753 840 849 878 959
606 610 624 681 713 789 790 792 864 876
607 673 769 806 880 950 969 997
608 667 673 679 731 736 820 856 885 990
609 667 674 675 687 695 698 792 889 893 938
610 612 747 754 758 808 825 836 839 869 939
611 624 640 681 741 779 795
612 620 734 760 773 831 900 943 952 960 972
613 630 646 652 679 694 757 800 831 914 917
614 628 635 689 695 721 762 765 797 862 931
615 727 767 783 815 851 856 917 967 969
616 627 641 646 685 714 722 812 883 891 908
617 680 690 736 753 792 793 807 843 893 931
618 625 643 712 722 757 796 800 842 862 914
619 688 695 729 730 731 737 765 789 791 863
620 643 672 729 761 789 818 829 840 854 894
621 726 755 794 816 817 863 867 926
622 680 753 769 803 875 971
623 632 710 895 914
624 634 684 765 772 935 953 978 995
625 640 707 712 759 770 800 871 941 950 957
626 669 806 828 852 924
627 659 678 752 791 798 801 819 822 826 898
628 642 686 747 793 875 883
629 665 667 714 719 731 868 871 996
630 695 763 814 844 869 902 903 943 950 951
631 633 645 653 674 684 831 860 867 886 908
632 671 747 790 800 904 931 946 956 991
633 634 647 689 708 736 743 764 922 942 982
634 667 669 743 818 859 903 923
635 699 713 781 794 923 943 978 980 988
636 685 717 742 748 799 809 842 870 983
637 673 756 765 796 866 890 951 955
638 679 698 718 720 724 730 760 772 816 842
639 677 696 725 801 851 865 995
640 651 667 732 733 739 784 806 823 826 881
641 661 665 696 773 864 886 891 964
642 643 707 733 772 776 810 859 863 910 918
643 701 728 791 810 846 859 867 917 941 992
644 648 656 691 700 701 711 787 796 811 843
645 703 749 751 755 802 867 938
646 721 743 787 809 812 832 896 897 946 952
647 679 754 810 815 901 940 948 969 974
648 708 739 756 888 905 933 936 973 998
649 662 673 689 705 757 776 840 958
650 747 810 874 966
651 670 716 726 753 803 825 865 920
652 749 778 837 964 982
653 670 671 745 758 775 778 801 806 814 877
654 704 813 874 910 982
655 676 681 715 762 796 868 883 933 947 949
656 658 765 780 811 902 913 944 959
657 705 722 754 835 836 915 925
658 711 713 721 769 799 877 922 939 956 979
659 808 882 904 954 990
660 701 730 738 772 800 803 853 859 880 909
661 726 730 749 779 830 892 911 945 981 991
662 675 736 844 906 913 987
663 667 737 785 803 939 950 965 967
664 732 802 839 847 850 851 909 927 930
665 676 703 718 756 795 820 832 833 836 838
666 677 749 774 846 879 916 939 946
667 760 787 880 888 890 936 954 963 983
668 719 720 736 756 877 907 922 941 949 955
669 672 756 866 871 946 985
670 687 702 705 712 859 953 965 987 988
671 682 689 701 704 711 762 763 823 835 867
672 741 753 781 783 792 835 836 931 954 988
673 678 697 710 781 807 815 817 822 851 913
674 709 713 740 815 843 846 901 919 991
675 679 706 714 779 874 912 933 962 967
676 690 716 765 806 815 875 921 954 965 977
677 688 725 777 792 800 850 851 863 870
678 684 712 714 715 782 794 796 814 998
679 698 736 757 775 889 901 928 950 966 968
680 682 700 704 748 761 791 825 861 897 899
681 707 710 719 743 814 854 884 924 973 992
682 687 746 829 900 909 937 940
683 706 720 752 759 773 812 836 855 929 954
684 696 707 711 751 778 798 934 944 972
685 720 750 802 812 816 903 984
686 700 708 761 775 791 808 817 837 921 966
687 701 713 825 840 879 886 916 938 943 956
688 711 787 799 814 846 991
689 772 780 790 813 864 881 941 986 995
690 740 759 788 796 816 821 866 874 882 886
691 724 731 757 819 829 857 860 872 934 936
692 700 709 770 783 807 840 869 931 992
693 698 728 735 768 802 826 876 885 897 906
694 703 721 741 830 918 993 994
695 716 742 782 830 905 908 936 961 964 967
696 762 790 793 800 849 884 935 980
697 755 765 802 836 859 873 997
698 753 802 912 939 940 941
699 714 748 752 764 775 791 810 889 890
700 729 824 864 875 886 935 964 969 988
701 773 843 845 967 969 981
702 748 879 903 906 938 944 981 987
703 740 838 902 980
704 714 733 746 758 796 798 835 885 933 944
705 817 836 840 841 925 978 982 992
706 733 870 879 898 901 998
707 725 747 750 755 812 818 836 875 877 883
708 718 739 771 815 832 847 851 905 919 924
709 742 767 769 781 795 802 803 809 814 827
710 722 760 790 841 952 973 994 996
711 718 723 725 733 749 788 831 836 904 918
712 743 758 766 808 915 919 941 959 961 966
713 780 807 834 842 850 859 885 930 931 952
714 758 767 781 817 866 892 895 908 916 920
715 731 749 769 822 941 949
716 721 738 744 904 917 949 961 986
717 718 767 837 904 919 920 946 949 959 995
718 759 766 808 846 900 904 918 938 939 977
719 728 764 770 772 778 784 786 851 852 871
720 723 731 771 778 787 804 818 836 850 903
721 741 760 764 820 841 842 850 874 906 916
722 826 835 838 839 849 871 904 905 925 926
723 773 795 827 832 896 899 933 939 958 973
724 740 766 809 820 827 854 923 925 957 958
725 733 757 807 825 841 854 857 867 880 887
726 735 799 814 867 924 926 928 989
727 736 740 741 762 780 782 825 835 841 912
728 733 738 756 786 847 916 985 995
729 799 809 815 866 867 877 888 993 994
730 738 744 763 811 818 822 823 828 832 856
731 746 776 827 881 929 968
732 757 805 812 818 835 840 843 873 876 893
733 744 864 878 884 904 907 931
734 737 753 804 812 813 820 861 869 870 894
735 790 797 840 859 899 911 964 988 999
736 742 747 748 763 806 810 837 894 895 924
737 738 758 789 791 819 822 838 857 859 910
738 752 764 765 774 779 829 881 919 943 944
739 740 748 754 776 788 791 827 850 855 858
740 750 762 779 814 821 850 886 902 949 953
741 764 769 812 830 834 853 863 873 943 987
742 792 832 858 862 872 888 910 930 944 994
743 763 776 794 811 823 830 868 944 946 973
744 759 819
745 746 765 769 789 791 804 894 934 951 962
746 782 788 809 910 924 934
747 759 768 770 801 853 856 890 965 969 979
748 752 876 905
749 763 818 853 855 875 909 958 963
750 762 767 770 778 794 823 849 867 877 880
751 765 824 865 869 902 903 930 933 941 954
752 757 818 857 893 916 931 934 942 950 951
753 758 764 766 792 795 811 827 886 888 910
754 825 829 834 856 891 910 953 985 998
755 789 790 881 892 908 927 936 939 963 974
756 767 800 809 844 847 860 875 883 953 957
757 766 770 808 819 842 852 864 930 979
758 813 834 851 853 864 868 970
759 791 805 814 829 836 910 918 920 930 953
760 856 863 871 900 918 919 928 929 931 953
761 782 819 849 851 856 858 939 949 982 992
762 771 804 836 893 985
763 819 853 859 909 929 960 996
764 790 818 836 853 861 895 909 926 939 943
765 798 802 829 830 847 856 867 896 908 909
766 771 780 804 811 857 874 886 926 947 969
767 774 778 810 826 828 830 835 840 852 886
768 791 816 818 826 837 976 978
769 788 800 815 876 943
770 904 917 942 943 949 953 992 997
771 830 907 921 936 964 982 997
772 776 824 857 890 921 923 946 949 952 954
773 775 788 843 850 866 933 935 946 990
774 789 808 811 822 852 873 874 879 911 952
775 784 811 852 876 924 983 994
776 794 813 831 836 860 873 890 909 940 948
777 801 851 857 881 900 902 926 954 955 964
778 817 836 935 979 981
779 784 789 792 814 838 855 935 936 940 970
780 801 812 821 825 855 857 860 864 873 903
781 790 792 795 796 809 812 828 838 855 856
782 815 822 823 825 833 837 843 862 870 873
783 797 798 852 861 876 912 962 977
784 810 821 856 870 901 906 918 949 989 992
785 801 817 843 877 881 920 921 951 973 978
786 793 810 826 921 938 979 986 996
787 796 826 862 897 901 909 913 914 920 922
788 805 839 852 881 932 941 976 984
789 833 861 938 952 982 994
790 807 822 823 824 855 873 917 929 950 955
791 802 827 864 869 871 884 978 990 994
792 808 813 849 853 863 887 888 943 981 985
793 799 820 831 837 839 854 924 954
794 796 818 825 840 857 874 909 922 939 949
795 820 824 840 871 925 967 992
796 803 804 821 848 863 899 956 960 972 976
797 804 808 809 821 825 828 841 842 863 911
798 874 896 907 945 985
799 831 836 849 852 895 906 907 929 942
800 809 824 830 835 837 840 856 876 898 900
801 836 838 849 868 885 905 906 919 954 973
802 858 863 926 932 943 963
803 825 839 841 843 870 881 896 901 925 928
804 832 835 843 865 870 888 912 918 953 998
805 827 856 859 868 911 928 962 983 997
806 809 816 817 840 850 863 873 897 946 996
807 829 855 870 881 908 931 959 962 966 970
808 826 862 868 877 941 965 976 979 980
809 872 929 974
810 848 859 884 895 920 924 927 944 998
811 834 879 887 893 919 924 940 956 964 987
812 819 830 844 845 852 857 873 876 881 977
813 855 889 923 925 937 956 958 974
814 833 871 884 922
815 816 845 864 886 930 959 967 980
816 818 866 888 952 978 992
817 830 850 866 881 882 927 929 948 952 962
818 834 846 853 857 872 877 897 915 919 930
819 840 851 853 912 915 931 960 981 983
820 836 841 849 857 858 859 905 909 910 919
821 830 839 842 857 862 887 907 914 924 931
822 827 844 955 968
823 835 889 922 956 960 976 998
824 829 832 835 876 910 918 919 951 955 972
825 831 868 899 936 944 983
826 836 840 847 861 869 915 943 946 985 986
827 849 856 860 862 875 879 896 900 915 920
828 841 864 870 884 924 928 970
829 843 883 943 950 964 991 992 994 995
830 836 850 856 864 867 868 879 880 919 946
831 891 907 925 929 931 939 984 993 997
832 837 847 862 872 876 887 889 898 907 928
833 888 930 935 943 949 951 960 967 969
834 847 864 875 886 892 894 931 939 965
835 861 867 884 914 930 977
836 838 843 850 867 878 881 907 920 934 935
837 944 956 961 964 971 976
838 855 876 886 910 920 951 972
839 851 854 862 882 885 887 895 914 915 918
840 845 847 848 857 877 897 898 930 938 965
841 854 865 881 936 953 961 967 979 980
842 844 846 856 863 886 902 907 941 957 971
843 866 881 904 912 913 945 963 969 985 996
844 849 903 922 924 929 937 963 983 985
845 864 868 885 901 907 908 924 933 934 943
846 860 888 891 897 902 903 916 919 922 955
847 849 881 901 902 907 943 954 969 996
848 906 921 932 940 942 957 974 975 982
849 859 883 897 898 943 963 971 974 980 993
850 873 880 886 893 947 975 978 987
851 862 865 875 885 935 936 949 952 958 973
852 865 868 889 905 917 920 921 931 943 952
853 867 879 891 903 921 932 944 947 955 965
854 873 880 887 900 902 909 934 949 967 979
855 862 933 955 962 988 997
856 868 884 885 898 899 905 925 961 963
857 874 881 909 912 922 927 934 941 954 963
858 865 878 884 906 910 921 924 937 956 988
859 866 870 892 907 915 916 942 943 952 988
860 865 886 891 908 928 939 943 948 949 971
861 866 869 885 886 901 927 944 955 958 995
862 866 916 923 955 984
863 924 932 947 967 980
864 866 884 886 892 917 935 963 964 966 973
865 881 882 927 931 932 947 957 964
866 875 879 898 904 905 928 943 971 982
867 869 878 888 903 913 983 985
868 888 904 931 941 943 964 998
869 877 888 914 926 928 938 942 945 975 984
870 899 900 926 939 946 954 955 967 970 995
871 873 878 882 901 904 920 925 939 941 950
872 883 884 904 982
873 881 897 903 927 945 947 950 951 957 962
874 884 895 908 928 947 984 986 989 992
875 886 894 921 943 947 958
876 878 881 885 891 906 939 956
877 894 904 909 911 919 924 939 942 979 986
878 879 891 893 908 914 926 956 963 964 981
879 880 887 893 908 931 958 992 996 999
880 891 893 910 917 942 953 968 969
881 890 896 914 922 924 930 934 954 956 975
882 896 917 930 932 939 957 991
883 890 903 905 908 910 955 962 967 969 976
884 895 903 906 939 949 974 992 996
885 895 912 922 954 966 970 973 986 991
886 907 915 937 962 976
887 913 939 947 958 965 977 990
888 891 898 903 911 912 915 927 948 958 966
889 893 897 912 943 947 960 976 977 982 983
890 895 915 924 925 926 936 951 957 977 992
891 893 927 931 932 939 953 957 978 994
892 899 901 909 923 937 946 960 973 985 993
893 896 902 925 927 973 975 985 988
894 896 924 927 960 961 966 967 990 994 997
895 904 915 926 930 950 956 964 990 992
896 897 923 934 955 957 964 971 985 986
897 899 903 905 909 912 925 931 945 946 951
898 940 951 977 987 994 997
899 906 914 924 937 962 965 968 984 990
900 906 913 919 935 942 950 963 967 971 972
901 910 936 970 971 975 982 984 997
902 903 910 922 932 935 943 948 967 975
903 907 949 954 967 973 983 994
904 905 913 936 937 938 956 976 978 987 996
905 930 932 938 951 956 977
906 916 921 926 937 944 963 981 993 998
907 915 927 928 938 940 943 947 951 952 969
908 913 946 954 957 959 969 973
909 912 923 925 937 944 950 954 969 984
910 922 923 936 945 949 956 983 988 995
911 928 931 945 947 963 975 977 982 988 993
912 914 921 959 966 967 974 976
913 930 935 956 957 965 977 981
914 920 921 923 937 940 951 972 991 994 999
915 920 922 923 933 935 948 969 973 988
916 930 931 949 957 959 963 969 970 999
917 927 940 959 967 978 984 986
918 921 922 932 933 936 961 966 969 986 992
919 923 931 974
920 944 972 975 976 981 983 993
921 935 943 946 955 960 969 975 997
922 923 928 947 953 962 971 999
923 926 927 934 940 942 944 950 963 972 975
924 926 928 947 951 956 964 966
925 931 932 947 960 968 974 982 995 996
926 927 939 954 961 966 977 978 983
927 928 934 937 951 962 964 965 968 973 977
928 932 940 960 966 967 971 993 995 998
929 938 958 960 969 970 981 983 990
930 936 937 945 950 968 970 973 978 982 986
931 938 940 945 963 965 973 992
932 938 939 945 958 961 963 967 970 974 978
933 936 945 952 953 957 960 963 965 972 973
934 939 942 943 945 951 952 957 979 982 985
935 957 965 970 979 980 982 986 993 996
936 944 952 957 959 964 965 967 970 988 989
937 938 940 943 946 947 950 959 961 970 977
938 948 961 965 967 973 977 978 998
939 942 952 961 981 990 999
940 953 959 966 967 980 996
941 960 962 964 967 969 973 980 988 999
942 960 962 966 976 979 981 991 998
943 944 957 971 981 983
944 948 953 955 958 964 971 976 977 978 982
945 946 950 957 962 974 985 995
946 952 958 959 964 970 972 974 977 978 979
947 950 960 961 972 977 994
948 959 967 971 977 998
949 954 960 962 964 972 985 988 991 997 999
950 952 962 963 971 977 978 981 985 987
951 954 956 960 961 973 990 993 997
952 958 961 972 974 981 988 993 994
953 958 961 962 967 971 991 993
954 955 959 961 967 971 973 977 978 979 987
955 957 969 972 976 977 984 994 997
956 985 987 992 996
957 964 968 971 974 977 987 988
958 965 966 978 980 987 994 998
959 967 972 975 980 986 988 997 999
960 986 993 995 997 999
961 962 967 968 969 974 978 981 982 987 996
962 965 970 974 979 980 981 983 985
963 964 965 966 969 984 985 994 997 999
964 965 969 987 990 993 996
965 968 970 974 980 986 995 996 999
966 969 971 972 977 983 985 987 996 997
967 968 971 977 981 988 989 997
968 970 972 974 976 977 980 981 985 992 995
969 973 974 977 978 981 984 988 993 995 996
970 971 973 974 983 985 987 990 992 993 997
971 979 980 988 996 998
972 973 975 977 981 988 996 998 999
973 974 977 979 983 987 988 989 992 997
974 982 983 990 994 996 998
975 980 982 983 985 995 997 999
976 979 984 985 986 989 993 995 996
977 981 982 983 987 994 996 999
978 979 980 982 985 987 990 992 993 997
979 983 987 992
980 983 984 987 988 990 991 993 994 997 998
981 982 983 984 985 986 987 988 989 993 994
982 984 985 991 992 995 997 999
983 984 986 991 993 998
984 987 996 998 999
985 986 987 991 992 995 996 997
986 987 988 990 991 992 994 996 998
987 989 991 992 999
988 989 994 999
989 991 992 994 998
990 991 992 993 994 995 996 997 998 999
991 992 993 994 995 996 997 998 999
992 993 994 995 996 997 998 999
993 994 995 996 997 998 999
994 995 996 997 998 999
995 996 997 998 999
996 997 998 999
997 998 999
998 999
